data/windData.js
{"header": { "refTime": "2022-09-08T00:00:00.000Z", "parameterCategory": 2, "parameterNumber": 2, "surfacelType": 104, "surfacelValue": 0.0, "forecastTime": 0, "scanMode": 0, "nx": 101, "ny": 61, "lo1": 80, "la1": 60, "lo2": 180, "la2": 0, "dx": 1, "dy": 1 }, "data":
[rows 0 to 34 of 61, columns 0 to 79 of 101]
4.91,5.22,5.57,6.16,6.61,7.13,7.50,7.36,7.16,6.72,5.88,5.11,4.40,2.68,0.81,0.26,1.05,1.19,1.57,1.88,3.38,2.99,1.04,0.76,-0.04,0.43,1.29,1.80,2.43,2.46,1.44,0.92,-0.06,0.82,2.43,0.61,-1.52,-0.16,0.27,0.57,-1.00,-2.95,-3.27,-2.58,-0.87,-0.74,-0.89,-1.01,-1.74,-1.31,-1.11,-1.01,0.41,-0.43,-1.02,-1.54,-1.93,-1.61,-1.38,-1.42,-1.88,-2.45,-2.75,-2.55,-2.39,-2.20,-1.97,-2.18,-2.65,-3.59,-5.79,-6.76,-6.41,-5.52,-5.09,-4.55,-3.91,-3.18,-3.59,-5.41
5.03,5.19,5.56,6.22,6.80,7.25,7.64,7.72,7.63,7.43,7.04,6.33,5.50,4.03,2.04,0.49,1.18,1.59,1.56,2.38,3.68,1.31,1.21,0.19,-0.34,0.89,2.75,3.27,2.58,2.16,2.45,1.57,0.31,-0.64,1.41,0.57,-0.21,0.30,0.78,0.75,0.62,-0.84,-1.02,-0.79,-1.59,-1.50,-1.16,-1.39,-1.74,-1.93,-1.79,-1.31,-0.49,-0.17,-0.74,-1.62,-2.04,-2.05,-1.94,-1.73,-1.89,-2.28,-2.38,-2.13,-1.91,-1.42,-1.13,-1.78,-2.56,-3.28,-4.98,-6.20,-5.69,-4.98,-4.52,-4.37,-4.02,-3.45,-3.26,-4.17
5.71,5.63,5.85,6.38,7.05,7.56,7.75,7.66,7.61,7.67,7.59,7.22,6.34,4.98,3.19,1.26,0.20,1.84,1.69,3.39,2.01,1.68,0.62,-0.49,-0.10,0.87,3.01,4.39,3.66,3.97,4.46,2.46,0.35,-0.64,-0.86,0.21,0.05,0.91,2.07,1.43,0.20,-0.54,-1.18,-1.85,-2.49,-2.73,-2.16,-2.26,-2.95,-2.80,-2.32,-1.64,-0.85,-0.27,-0.48,-1.11,-1.51,-1.86,-2.18,-1.99,-1.71,-1.87,-2.02,-1.86,-1.38,-0.18,-0.31,-1.86,-2.70,-3.55,-4.15,-4.34,-4.25,-4.07,-3.95,-3.61,-3.24,-2.98,-2.64,-3.03
7.06,6.68,6.67,6.96,7.50,7.97,8.11,7.87,7.43,7.30,7.47,7.50,6.91,5.67,3.80,1.90,-1.28,0.35,1.07,1.44,0.62,1.29,0.40,-0.22,-0.54,-0.25,2.01,3.70,3.39,4.03,4.08,2.20,0.49,-0.57,-1.20,-0.09,1.27,1.35,2.07,0.44,-0.24,-0.55,-1.30,-2.82,-3.05,-2.92,-2.92,-3.10,-3.06,-2.87,-2.24,-1.53,-0.78,-0.25,-0.13,-0.40,-0.73,-1.12,-1.60,-1.94,-1.65,-1.43,-1.64,-1.69,-0.96,0.69,0.41,-1.51,-2.06,-3.00,-3.21,-2.87,-2.87,-2.75,-3.27,-2.38,-1.10,-1.16,-1.14,-1.21
8.44,8.12,7.90,7.94,8.31,8.58,8.65,8.31,7.66,7.10,6.93,7.24,7.03,5.91,4.13,1.85,-2.14,2.44,1.70,-0.39,-1.17,-0.26,1.98,1.65,-0.01,-1.13,0.67,1.84,1.97,3.03,2.68,1.33,0.49,-0.47,-1.43,-0.73,1.51,1.13,0.30,-0.63,-0.84,-0.65,-1.29,-3.03,-3.22,-3.21,-3.17,-2.91,-2.43,-2.12,-1.72,-1.11,-0.48,-0.03,0.28,0.36,0.12,-0.29,-0.54,-1.05,-1.43,-1.13,-1.15,-1.28,-0.77,0.38,-0.29,-1.89,-0.56,-1.17,-1.26,-1.54,-1.98,-2.28,-2.92,-1.18,1.13,1.48,0.21,0.09
8.93,9.17,9.43,9.20,9.13,9.15,9.21,9.01,8.16,7.44,6.82,6.79,6.55,5.89,4.57,2.41,3.10,1.92,-0.67,0.66,0.10,0.65,2.90,2.79,0.37,-1.05,0.15,1.46,1.79,2.04,1.96,0.94,0.65,0.13,-1.26,-1.16,0.43,0.64,0.95,0.05,-1.04,-0.77,-1.04,-2.36,-3.71,-3.96,-3.28,-2.43,-1.59,-1.21,-0.87,-0.27,0.22,0.59,1.06,1.30,1.05,0.55,0.23,0.10,-0.41,-0.39,-0.29,-0.39,-0.16,0.30,-1.65,-0.77,0.79,0.27,0.90,-0.03,-0.29,-0.63,-0.90,0.50,2.81,2.72,0.72,0.31
8.35,8.35,10.88,10.54,10.14,9.49,9.26,9.39,8.67,7.89,7.15,6.75,6.26,5.71,4.97,4.86,4.42,2.44,2.83,4.35,3.92,2.23,3.35,4.10,2.33,1.36,1.66,2.47,2.66,2.37,1.87,1.68,0.84,0.68,-0.22,-0.80,-0.21,0.94,1.55,1.14,-0.09,-0.22,-0.13,-1.05,-2.79,-3.66,-2.42,-1.47,-0.86,-0.34,0.28,0.82,1.33,1.87,2.45,2.43,1.84,1.14,0.81,0.71,0.62,0.70,0.73,0.71,0.63,0.42,-0.79,0.56,1.37,1.11,1.19,0.83,1.27,1.56,1.31,2.20,3.23,2.15,0.06,-0.12
7.41,12.87,6.33,9.74,10.68,10.08,9.49,9.49,9.05,8.42,7.70,7.15,6.45,5.71,5.00,5.45,5.43,4.20,5.33,6.38,5.10,4.81,6.76,6.53,5.14,4.25,3.53,3.22,3.34,3.44,2.74,2.06,1.53,1.33,0.68,-0.04,-0.26,0.29,0.84,1.39,1.36,1.24,1.26,0.84,-1.48,-1.90,-1.95,-0.92,-0.04,0.14,1.12,1.77,2.61,3.07,3.54,3.29,2.17,1.10,0.90,0.91,0.89,1.14,1.14,1.29,1.23,1.11,1.33,1.67,1.61,1.31,1.24,1.28,1.84,2.03,1.31,0.92,0.31,-0.70,-1.54,-1.34
9.45,6.53,8.32,8.65,9.85,10.15,9.79,9.97,9.29,8.68,8.19,7.75,6.79,5.80,5.68,5.74,5.87,5.22,5.72,5.51,5.29,9.24,9.27,7.83,6.63,5.57,4.77,4.19,3.87,4.16,3.59,2.70,2.42,2.03,1.51,0.65,0.37,0.56,0.78,1.59,2.02,2.11,1.66,1.85,1.37,-0.76,-0.77,-0.61,0.34,0.27,1.34,2.15,3.10,3.21,3.26,3.24,2.07,0.83,0.46,0.50,0.61,0.89,0.91,1.18,1.55,2.03,2.73,2.75,1.69,1.34,1.48,1.49,1.76,1.07,-0.90,-2.41,-3.71,-3.69,-3.44,-3.18
9.34,10.25,11.46,10.40,10.17,9.59,10.07,10.44,9.44,8.55,8.13,8.09,7.25,5.98,5.67,6.07,6.75,6.17,6.33,4.36,8.51,10.06,9.68,8.26,6.96,5.71,5.85,6.06,4.21,4.68,5.08,4.15,3.32,2.63,1.83,0.60,0.57,1.05,1.03,1.46,1.73,1.86,1.85,1.45,-0.32,-1.62,-1.17,0.04,0.34,0.09,0.91,1.83,2.59,3.03,2.77,2.59,1.69,0.33,-0.34,-0.37,0.04,0.19,0.26,0.78,1.55,2.57,2.93,2.58,1.51,1.37,1.34,1.00,0.44,-1.54,-3.62,-4.40,-5.16,-4.72,-4.08,-4.14
9.29,10.89,11.40,11.36,11.28,10.01,8.92,9.31,9.45,8.66,8.05,8.06,7.74,6.54,5.67,6.25,6.54,7.13,8.48,6.83,9.69,10.57,9.78,8.80,7.70,7.05,6.93,7.77,5.40,5.18,6.62,5.56,4.21,2.95,1.47,0.17,0.67,1.00,0.74,0.72,1.07,1.63,1.93,0.10,-1.25,-2.77,-1.75,0.15,0.35,0.17,0.54,1.37,2.25,2.87,2.64,2.21,1.39,0.12,-1.02,-1.23,-0.97,-1.13,-1.30,-0.95,-0.63,0.45,1.06,0.63,0.19,0.70,0.47,-0.94,-2.74,-4.73,-5.04,-5.30,-5.65,-5.68,-5.37,-5.53
8.79,10.95,12.14,12.12,11.39,10.64,9.12,8.08,8.93,8.84,8.28,8.06,7.42,6.59,6.12,6.43,7.32,7.51,9.10,8.12,11.55,11.48,10.71,8.06,7.53,6.65,8.30,4.63,5.56,4.92,5.88,5.17,4.05,2.16,0.59,-0.00,0.54,0.58,-0.08,-0.39,0.04,1.07,-0.04,-1.37,-1.70,-1.86,-1.14,0.26,1.04,1.19,1.96,1.72,2.21,2.46,2.63,2.17,1.44,0.35,-1.27,-1.20,-1.62,-3.23,-4.61,-4.78,-4.67,-3.62,-2.82,-2.72,-1.76,-1.88,-3.33,-4.72,-5.64,-5.81,-5.60,-5.85,-5.98,-6.28,-6.58,-6.56
8.67,11.15,9.83,10.24,10.31,10.00,9.94,9.53,9.74,9.14,8.68,7.80,6.26,5.93,6.25,5.96,7.35,7.66,8.36,6.04,10.73,11.05,9.75,7.48,8.34,5.26,3.21,0.96,3.47,2.74,1.16,1.62,1.32,0.20,-0.24,-0.38,-0.03,-0.05,-0.72,-1.21,-0.11,-0.19,-1.83,-1.95,-2.36,-1.13,-0.10,0.82,2.12,2.61,2.62,3.10,2.69,2.64,2.38,1.78,1.45,0.43,-1.26,-1.15,-1.63,-4.11,-5.64,-6.35,-6.55,-6.49,-5.85,-4.76,-5.04,-6.79,-7.18,-6.61,-6.22,-5.94,-5.90,-6.03,-6.14,-6.82,-6.89,-6.71
6.71,6.90,6.13,7.10,7.66,6.93,6.83,6.95,7.75,8.13,7.76,7.90,6.08,5.63,6.29,5.22,6.32,7.34,8.06,7.77,8.34,5.50,2.99,4.13,2.03,-0.53,-0.72,-0.55,-0.51,-0.74,-0.35,-1.21,-1.68,-1.69,-1.36,-0.96,-0.74,-1.11,-1.69,-1.49,0.14,-1.42,-1.47,-1.44,-1.55,-0.44,0.80,1.88,2.56,2.98,3.04,2.76,3.12,2.78,2.27,1.65,0.99,0.42,-0.89,-1.38,-1.45,-4.00,-5.70,-6.10,-6.44,-6.51,-6.29,-6.16,-6.55,-7.44,-7.11,-6.75,-6.38,-6.16,-6.19,-5.94,-6.49,-6.92,-6.63,-6.40
5.00,4.31,5.37,5.82,5.83,5.04,4.07,4.12,5.20,5.30,5.52,5.66,5.33,4.72,4.60,4.28,5.09,5.85,3.54,4.83,5.66,1.78,0.22,-0.83,-2.78,-2.89,-2.88,-3.30,-2.85,-0.40,-0.96,-2.96,-3.72,-3.55,-2.33,-1.30,-1.53,-2.30,-2.65,-2.20,-2.08,-1.47,-0.82,-1.03,-0.14,0.59,1.72,2.43,1.93,1.97,1.66,2.38,3.18,3.24,2.75,1.90,1.21,0.45,-0.61,-1.33,-1.32,-3.69,-5.32,-5.58,-6.16,-6.42,-6.78,-6.71,-6.64,-6.79,-6.77,-6.59,-6.39,-6.40,-6.27,-5.96,-6.76,-6.49,-6.22,-6.09
5.28,5.82,6.28,4.43,2.92,2.42,2.81,3.76,5.18,4.70,3.85,4.00,4.20,3.62,2.00,2.08,2.89,1.02,-1.63,0.43,3.31,0.06,-1.86,-2.56,-2.70,-2.27,-3.95,-2.73,-3.14,-0.76,-3.83,-5.42,-5.34,-4.49,-2.95,-2.06,-2.80,-3.41,-2.99,-2.63,-2.51,-1.44,-1.51,-1.05,-0.21,0.89,2.09,1.18,0.50,0.39,1.29,2.76,4.25,4.79,3.80,2.58,1.09,0.50,-0.29,-1.13,-1.87,-3.47,-4.41,-4.84,-5.69,-6.07,-6.79,-6.61,-6.29,-6.32,-6.29,-6.06,-6.19,-6.32,-6.08,-6.01,-6.90,-6.53,-6.16,-5.81
4.31,5.83,3.42,0.04,0.14,0.91,1.85,2.44,1.62,0.69,2.25,2.96,2.16,-0.04,-2.31,-1.58,-1.97,-2.47,-1.50,-1.59,0.51,-2.50,-4.94,-2.99,-3.11,-2.19,-1.75,-2.15,-0.93,-3.23,-6.41,-6.76,-5.82,-5.10,-4.28,-3.57,-4.07,-3.42,-1.86,-1.08,-1.19,-1.18,-0.68,-0.33,-0.08,0.87,1.39,0.26,-0.49,-0.45,0.47,1.41,3.76,5.44,4.11,2.79,0.95,0.22,-0.33,-1.04,-2.58,-3.06,-3.57,-4.08,-5.15,-5.41,-5.94,-6.15,-6.06,-5.90,-5.89,-5.56,-5.76,-5.83,-5.67,-6.04,-7.00,-6.58,-6.24,-5.91
4.01,2.82,-0.00,-2.34,-1.68,-1.48,-1.62,-3.61,-4.59,-4.01,-2.46,-3.58,-5.54,-6.94,-6.22,-3.49,-2.58,-1.40,-1.10,0.74,-2.15,-5.78,-3.69,-2.45,-3.04,-2.10,-1.42,-0.70,-3.42,-5.07,-6.80,-6.88,-6.54,-6.55,-5.97,-4.89,-4.76,-4.10,-2.50,-0.60,0.94,-0.31,1.19,0.83,0.48,0.70,0.47,-0.44,-1.37,-0.98,-0.77,-1.32,-0.22,1.38,1.27,1.29,0.40,-0.24,-0.38,-1.37,-2.16,-2.44,-2.92,-3.53,-4.22,-4.50,-4.89,-5.41,-5.66,-5.59,-5.77,-5.42,-5.36,-5.46,-5.49,-5.92,-6.54,-6.34,-6.18,-6.06
1.89,0.78,-3.54,-4.19,-4.23,-5.32,-5.27,-5.41,-5.61,-5.71,-6.29,-7.46,-7.60,-6.88,-6.52,-4.90,-2.50,-1.44,-1.24,-1.43,-4.50,-4.85,-1.71,-2.46,-3.33,-5.03,0.36,-4.02,-5.99,-7.07,-7.04,-6.49,-7.22,-7.60,-6.99,-5.82,-6.19,-6.23,-5.85,-5.17,-3.33,-1.82,0.95,1.24,0.91,0.35,-0.41,-0.95,-1.43,-1.71,-2.46,-3.74,-5.20,-5.71,-4.65,-2.68,-1.39,-0.65,-0.23,-0.69,-1.28,-1.55,-1.99,-2.62,-3.11,-3.51,-3.85,-4.38,-4.73,-4.94,-5.16,-5.13,-5.19,-5.41,-5.41,-5.55,-5.77,-5.66,-5.78,-5.92
-0.83,-2.08,-4.22,-5.48,-4.47,-4.44,-5.22,-5.93,-6.03,-6.66,-7.36,-7.28,-6.94,-6.31,-4.16,-3.08,-2.42,-2.52,-3.14,-3.71,-4.09,-4.25,-3.87,-8.93,-8.37,-4.45,-3.90,-8.41,-8.27,-6.41,-6.56,-5.71,-8.23,-8.18,-6.89,-6.95,-7.30,-6.83,-6.74,-6.74,-5.68,-3.07,0.14,0.94,0.68,-0.17,-0.44,-0.68,-1.62,-2.81,-3.50,-5.37,-7.42,-8.61,-7.82,-5.26,-2.88,-1.44,-0.34,0.29,0.33,0.01,-0.42,-1.08,-1.87,-2.40,-2.60,-2.85,-3.64,-4.07,-4.12,-4.30,-4.77,-4.93,-4.60,-4.84,-5.02,-4.89,-5.62,-5.91
-2.07,-2.87,-3.95,-3.18,-5.36,-2.04,-3.34,-5.43,-6.45,-7.22,-7.48,-7.24,-6.48,-5.08,-4.57,-2.04,-2.23,-5.91,-5.43,-6.24,-2.29,-4.45,-2.83,-4.38,-9.03,-8.61,-4.88,-9.83,-9.73,-9.24,-7.09,-5.59,-8.16,-7.37,-6.90,-7.29,-6.87,-6.10,-6.71,-7.45,-6.70,-5.49,-4.43,-3.33,-2.58,-1.88,-1.12,-1.12,-2.31,-3.68,-4.06,-5.52,-7.08,-8.08,-7.82,-5.81,-3.59,-1.62,0.15,1.64,2.65,2.56,1.74,0.65,-0.04,-0.53,-0.95,-1.22,-2.30,-2.91,-3.05,-3.44,-3.93,-3.83,-3.45,-4.07,-4.65,-5.02,-5.82,-5.95
-2.64,-2.64,-3.27,-3.67,-3.19,-1.81,-2.43,-4.67,-5.81,-6.73,-7.03,-6.71,-5.24,-3.49,-4.41,-0.48,-2.81,-3.93,-2.84,-3.67,-5.37,-5.53,-2.93,-3.37,-6.97,-4.80,-4.45,-7.91,-10.08,-10.22,-7.72,-7.48,-7.49,-6.35,-6.46,-6.59,-6.00,-5.05,-5.51,-6.69,-6.93,-6.16,-4.88,-4.05,-3.35,-2.85,-2.40,-2.33,-3.03,-3.95,-4.47,-4.96,-6.41,-7.05,-6.76,-5.34,-3.36,-1.19,1.13,3.20,5.04,5.44,4.75,3.02,2.16,1.45,0.79,0.38,-0.45,-1.09,-1.55,-2.21,-2.73,-2.76,-2.47,-3.04,-4.03,-4.66,-5.21,-5.19
-2.52,-3.59,-3.11,-3.56,-2.85,-2.21,-2.28,-1.74,-3.62,-4.84,-4.38,-4.67,-3.88,-4.75,-1.26,-0.45,-3.21,-3.00,-2.19,-3.65,-2.91,-3.21,-3.18,-4.27,-8.15,-2.31,-5.71,-3.74,-5.50,-5.26,-4.30,-4.90,-4.33,-4.43,-5.64,-6.17,-5.97,-4.82,-2.60,-1.49,-3.82,-6.53,-4.57,-3.61,-2.87,-2.54,-2.22,-2.24,-2.66,-3.61,-4.45,-4.92,-5.52,-5.89,-5.92,-5.49,-4.62,-3.38,-1.62,1.18,4.31,6.41,6.48,5.85,5.05,3.58,2.59,1.90,1.47,1.07,0.60,-0.12,-0.86,-1.52,-1.46,-1.60,-2.63,-3.18,-3.74,-3.74
-2.81,-3.52,-2.87,-2.94,-2.20,-1.28,-1.00,-1.53,-2.44,-2.07,-1.23,-2.34,-3.32,-5.37,-3.21,-2.42,-3.43,-3.46,-3.06,-3.48,-4.40,-3.77,-5.40,-7.29,-7.98,-7.41,-5.59,-3.08,-1.87,-2.66,-2.82,-3.77,-2.99,-2.34,-2.63,-3.66,-3.77,-5.02,-4.01,-0.41,1.27,-4.23,-4.78,-3.75,-2.98,-2.36,-2.01,-1.83,-1.94,-2.54,-3.52,-4.36,-4.47,-4.42,-4.60,-4.72,-4.98,-4.95,-4.81,-3.86,-1.69,1.83,4.52,6.15,6.50,5.73,4.55,3.39,3.11,2.82,2.69,2.12,1.20,0.09,-0.08,0.13,-0.21,-0.38,-0.77,-0.64
-2.92,-2.72,-2.55,-1.50,0.28,-0.77,-0.92,-1.56,-0.89,0.20,-1.22,-2.86,-2.84,-3.92,-3.72,-2.14,-2.52,-4.54,-7.23,-7.36,-5.64,-5.70,-6.14,-4.41,-3.84,-2.63,-2.28,-2.66,-2.81,-2.15,-3.12,-2.70,-2.29,-2.00,-2.99,-2.77,-2.69,-4.33,-5.00,-5.82,-2.29,-5.97,-3.99,-3.91,-3.39,-2.63,-2.33,-2.23,-2.13,-1.95,-2.13,-2.92,-3.37,-3.56,-4.33,-4.15,-4.61,-4.94,-4.98,-4.91,-4.57,-3.93,-1.60,2.17,4.85,5.99,5.30,4.87,4.88,4.44,4.36,3.97,2.83,1.62,1.50,1.87,2.17,2.69,2.92,3.37
-2.64,-2.96,-3.06,-2.63,-2.30,-2.26,-1.83,-3.37,-3.15,-2.75,-3.76,-3.64,-3.02,-3.12,-3.20,-2.56,-3.21,-4.00,-7.71,-7.47,-6.03,-6.55,-6.38,-5.36,-4.05,-0.92,-1.43,-2.20,-1.64,-1.10,-0.97,-0.46,-0.03,-0.27,-1.14,-1.63,-2.62,-5.49,-4.96,-6.57,-9.17,-9.95,-3.82,-4.63,-4.35,-3.72,-3.20,-2.96,-2.91,-2.47,-1.78,-1.78,-2.32,-2.97,-4.31,-3.99,-4.10,-4.42,-4.25,-3.87,-3.46,-3.34,-3.65,-2.81,0.62,4.15,5.61,6.15,6.07,5.66,6.30,6.15,4.47,2.88,2.94,3.33,3.68,4.78,6.04,6.92
-2.56,-3.03,-3.38,-3.60,-3.92,-4.48,-5.08,-5.98,-5.53,-4.79,-4.88,-3.74,-2.87,-2.01,-1.65,-2.10,-1.46,-4.02,-5.92,-6.35,-3.27,-3.16,-3.36,-4.47,-2.36,-1.63,-1.60,-1.99,-0.64,0.70,0.21,1.07,1.25,0.11,-0.09,-0.37,-1.11,-1.34,-3.31,-3.38,-4.40,-5.56,-5.28,-5.40,-5.28,-4.81,-4.12,-3.61,-3.64,-3.34,-2.27,-1.54,-1.56,-2.10,-3.97,-3.72,-3.27,-3.51,-3.48,-3.06,-2.41,-2.14,-2.87,-3.76,-3.37,-1.01,2.29,5.12,6.72,7.17,7.82,8.81,6.30,3.90,4.02,3.97,4.63,6.05,7.31,7.05
-3.51,-3.44,-3.70,-4.40,-4.02,-4.29,-4.81,-6.72,-6.23,-4.81,-3.02,-3.40,-3.25,-5.27,-3.48,-3.02,-2.82,-4.37,-4.40,-1.80,0.48,2.54,0.25,-1.67,-0.17,1.82,0.73,-0.63,-1.43,-0.05,-0.11,-0.78,-1.07,-0.89,-0.80,0.32,0.52,0.18,0.04,-2.52,-1.43,-2.70,-3.83,-5.04,-5.60,-5.41,-4.57,-3.61,-3.37,-3.35,-2.68,-1.76,-1.57,-1.66,-3.09,-3.31,-2.52,-2.73,-3.05,-2.54,-1.72,-1.73,-2.38,-3.40,-4.59,-4.27,-2.22,1.15,4.33,5.79,7.35,8.65,6.34,5.17,4.52,4.13,5.08,5.81,5.60,4.93
-3.50,-3.91,-4.41,-5.41,-2.99,-2.58,-1.18,2.04,2.71,1.98,0.15,0.17,1.82,0.41,-2.89,-2.85,-3.08,1.03,2.73,4.96,1.69,3.87,1.23,-1.95,0.05,3.36,6.32,-0.03,-2.17,-2.55,-1.84,-2.71,-2.39,-2.36,-3.57,-1.76,-0.05,-0.21,-0.24,-1.92,-1.33,-0.79,-1.75,-3.64,-5.14,-5.48,-4.96,-3.62,-2.52,-2.18,-2.12,-1.61,-1.50,-1.58,-1.76,-2.81,-2.37,-2.37,-2.52,-1.95,-1.29,-1.30,-1.72,-2.92,-4.39,-4.10,-3.47,-2.65,-0.64,0.84,2.85,4.84,5.13,5.24,4.16,3.07,3.07,3.00,3.06,1.58
-1.15,-1.03,-1.57,-1.01,-0.12,1.75,3.60,3.10,1.85,2.96,4.65,2.58,1.93,-2.23,-1.24,-2.22,-1.63,3.09,5.96,2.88,3.51,3.63,2.24,0.36,3.31,4.03,3.67,0.94,-4.75,-3.49,-3.88,-2.57,-1.74,-2.70,-4.90,-6.92,-2.79,-2.83,-2.88,-1.46,-0.06,0.39,0.09,-2.08,-4.00,-4.75,-4.71,-3.80,-2.35,-1.67,-1.79,-2.11,-1.90,-1.82,-1.32,-2.53,-2.55,-2.34,-2.13,-1.74,-1.37,-1.41,-1.23,-2.18,-3.71,-3.85,-4.19,-4.65,-3.66,-2.95,-2.18,-1.33,-1.11,-0.61,-1.01,-0.63,-0.21,0.35,0.27,-0.75
-0.03,-0.67,1.50,4.17,3.79,3.54,-0.09,-1.76,-1.47,0.93,1.71,0.68,2.03,-1.04,-2.42,0.05,0.50,4.14,3.94,5.12,4.45,-0.75,0.39,0.69,2.78,3.53,0.77,1.00,-3.28,-4.60,-5.28,-3.14,-1.09,-2.24,-3.46,-3.91,-3.71,-3.78,-3.94,-2.43,0.48,1.24,0.01,-2.24,-3.39,-3.55,-3.58,-3.73,-2.96,-1.89,-2.33,-4.74,-4.44,-3.03,-2.01,-2.16,-2.55,-2.40,-1.99,-1.55,-2.15,-2.01,-1.50,-2.24,-3.91,-4.65,-5.51,-5.23,-4.84,-5.69,-6.90,-7.23,-6.84,-5.20,-3.44,-2.19,-1.61,-1.37,-1.72,-1.89
0.36,1.98,3.17,3.87,2.63,1.68,2.20,2.49,1.96,0.56,-0.49,-1.13,-1.62,-2.67,-3.65,-1.34,0.40,-4.19,-5.70,-6.15,-3.43,-1.70,-1.71,-1.11,0.94,2.52,-1.07,-1.22,-3.74,-3.58,-5.14,-3.33,-1.22,-2.50,-2.60,-3.77,-5.22,-2.71,-1.95,-0.74,-0.02,-1.02,-2.67,-3.57,-3.21,-2.62,-2.47,-3.64,-3.88,-2.46,-1.99,-5.45,-5.84,-5.17,-4.36,-2.75,-2.19,-2.51,-2.65,-2.28,-3.07,-3.10,-3.03,-3.47,-4.77,-5.59,-6.36,-5.53,-5.65,-6.61,-7.61,-7.28,-6.00,-4.26,-2.99,-2.52,-2.49,-2.50,-2.51,-2.46
1.78,3.42,3.73,0.87,-0.79,-1.16,-2.36,-3.69,-5.88,-6.31,-5.36,-5.35,-4.79,-3.71,-3.21,-3.38,-3.89,-3.15,-1.97,-1.61,-1.32,-0.90,-0.08,0.27,-0.50,-0.85,-2.71,-3.74,-4.26,-3.53,-4.21,-3.77,-1.72,-3.64,-4.76,-4.08,-3.42,-2.78,-2.11,-1.74,-2.08,-3.66,-4.71,-3.95,-2.99,-2.27,-2.32,-4.15,-4.75,-3.63,-2.11,-2.35,-3.44,-5.80,-7.08,-5.51,-2.37,-1.91,-3.44,-3.65,-4.56,-5.50,-5.83,-5.17,-5.18,-5.56,-5.67,-5.43,-5.90,-6.37,-6.05,-5.08,-4.27,-3.53,-3.18,-3.24,-3.03,-2.80,-2.98,-3.33
1.06,2.83,-3.00,-5.86,-6.00,-7.49,-7.34,-5.82,-5.21,-4.66,-4.32,-4.86,-4.03,-2.65,-2.61,-2.88,-2.70,-2.57,-1.72,0.34,-0.22,0.68,0.53,1.18,1.16,0.11,-3.51,-3.66,-0.75,1.46,-0.65,-2.59,-3.62,-3.96,-3.69,-3.78,-3.73,-3.35,-2.76,-2.55,-3.28,-4.53,-4.85,-4.10,-3.55,-2.91,-3.10,-4.74,-5.20,-4.75,-3.49,-2.61,-0.78,-4.04,-6.58,-5.43,-5.19,-3.85,-4.55,-5.12,-6.13,-7.63,-8.34,-7.10,-5.88,-5.19,-4.57,-4.77,-5.32,-5.11,-4.42,-3.93,-3.83,-3.72,-3.78,-3.98,-3.95,-4.16,-4.61,-5.03
-2.84,-5.16,-6.21,-4.31,-4.01,-4.45,-3.80,-3.17,-2.13,-1.28,-1.79,-2.60,-2.65,-2.45,-1.40,-0.08,-0.08,-0.63,-0.65,1.84,1.15,1.80,1.29,0.88,1.39,0.69,-2.19,-1.46,2.39,3.44,2.95,1.67,0.94,-0.71,-1.38,-2.06,-2.95,-3.30,-3.09,-3.15,-3.87,-5.36,-5.03,-4.41,-4.10,-3.51,-3.14,-4.07,-4.72,-5.53,-5.87,-4.00,-4.47,-6.37,-5.24,-2.59,-4.42,-5.33,-7.94,-7.48,-7.31,-8.11,-8.84,-7.97,-6.30,-5.42,-4.70,-4.53,-4.50,-4.21,-3.75,-3.64,-4.40,-5.29,-5.97,-6.29,-6.44,-6.28,-6.02,-5.64
