data/windData.js
{"header": { "refTime": "2022-09-08T00:00:00.000Z", "parameterCategory": 2, "parameterNumber": 3, "surfacelType": 104, "surfacelValue": 0.0, "forecastTime": 0, "scanMode": 0, "nx": 101, "ny": 61, "lo1": 80, "la1": 60, "lo2": 180, "la2": 0, "dx": 1, "dy": 1 }, "data":
[rows 0 to 35 of 61, columns 0 to 79 of 101]
1.92,2.67,3.12,3.40,3.62,3.61,3.34,2.98,2.46,1.90,1.64,1.21,0.60,0.16,-0.26,-0.85,-1.39,-1.84,-1.61,-1.38,-0.04,1.05,1.60,3.41,2.18,0.47,-0.27,-0.03,-0.11,-1.29,-1.49,-0.53,-0.70,-1.75,-1.61,-0.69,0.17,-0.68,0.08,1.26,1.66,1.82,3.37,3.84,2.62,2.78,3.62,4.25,4.13,3.98,3.54,3.26,2.28,0.23,0.45,0.58,0.41,0.30,0.56,1.20,1.51,1.25,0.90,0.62,0.40,0.48,1.26,2.58,3.47,4.03,3.79,2.11,1.06,1.04,1.41,1.51,0.92,0.14,-0.20,0.35
2.19,3.00,3.50,3.85,4.21,4.63,4.79,4.48,3.88,3.11,2.39,1.88,1.28,0.28,-0.48,-1.07,-2.52,-2.83,-2.45,-1.48,0.48,0.45,1.91,3.11,2.42,0.96,-0.55,-0.74,-0.55,-0.62,-0.33,-0.47,-0.97,-1.06,-3.67,-2.83,-4.07,-1.75,-1.63,-0.22,0.85,2.04,2.67,3.57,4.41,4.00,3.55,4.04,3.53,3.82,3.34,2.88,2.44,1.58,1.27,1.04,0.88,0.74,0.71,0.87,1.09,1.07,0.97,0.88,0.92,1.42,2.64,3.39,3.70,3.42,2.12,1.05,0.93,1.04,1.22,1.57,1.69,1.38,1.05,1.49
2.07,3.13,3.77,4.17,4.46,4.87,5.37,5.69,5.42,4.60,3.57,2.63,1.86,0.93,0.13,-0.44,-1.48,-3.21,-3.03,-1.57,-0.52,0.80,2.60,1.87,2.38,2.36,1.17,0.22,-0.04,0.30,0.52,-0.33,-0.93,-1.14,-1.27,-2.62,-1.69,-1.51,-1.11,-0.45,0.59,1.09,1.67,2.54,3.38,3.76,3.69,3.98,4.28,4.19,3.81,3.42,2.86,2.13,1.59,1.31,1.17,1.08,0.95,0.79,0.78,1.03,1.31,1.40,1.50,2.25,3.17,3.62,3.76,2.68,1.54,1.12,0.83,0.43,0.15,0.34,1.16,1.96,2.25,2.64
1.58,3.04,4.03,4.63,4.98,5.31,5.65,6.03,6.21,5.75,4.70,3.62,2.90,2.23,1.58,0.62,-0.70,-2.21,0.14,1.21,-1.12,-1.12,-0.02,0.79,2.16,2.57,2.41,1.65,0.11,-0.75,-1.08,-0.79,-0.83,-1.51,-1.64,-3.01,-2.32,-0.95,-1.51,0.33,1.30,1.58,2.03,2.37,2.82,3.13,3.14,3.44,3.84,4.08,3.86,3.47,2.94,2.31,1.69,1.34,1.21,1.21,1.37,1.53,1.30,1.19,1.41,1.53,1.48,1.27,1.29,1.10,1.39,2.21,2.17,1.64,0.83,-0.13,-1.59,-2.49,-1.06,0.93,1.98,2.54
1.41,2.97,4.41,5.50,6.08,6.27,6.21,6.25,6.29,6.18,5.71,4.92,4.16,3.63,3.43,2.66,1.03,2.05,2.11,0.08,-2.89,-4.49,-3.00,-1.08,1.44,2.77,2.30,0.95,-0.07,-0.74,-0.95,-0.75,-1.02,-1.36,-0.83,-1.23,-3.24,-1.17,-1.80,0.05,1.36,1.50,1.79,2.46,2.85,2.71,2.35,2.25,2.57,2.90,2.90,2.77,2.53,2.08,1.54,1.27,1.27,1.41,1.71,2.19,2.37,2.10,1.94,1.88,1.70,0.94,-0.34,-1.88,-1.95,-1.55,-0.64,-0.00,-0.61,-1.37,-2.09,-1.75,-1.11,0.61,2.46,2.82
1.54,2.91,4.65,6.18,6.92,7.20,7.15,6.87,6.62,6.40,6.22,6.03,5.53,5.17,5.08,5.24,6.59,5.49,1.78,-0.27,-2.99,-2.78,-0.61,0.01,1.50,2.60,2.09,0.80,0.17,-0.06,-0.33,-0.36,-0.65,-1.29,-0.87,-0.72,-2.07,-1.49,-0.86,0.37,1.15,1.10,1.55,2.47,2.87,1.90,1.40,1.58,1.77,1.92,2.09,2.09,1.94,1.66,1.51,1.57,1.71,1.90,2.23,2.54,3.05,3.23,3.01,2.66,2.26,1.43,-0.45,-0.48,-0.39,-0.84,-1.37,-2.34,-2.39,-1.47,-0.17,1.08,1.63,1.87,2.27,2.50
0.65,1.99,4.76,6.14,7.11,7.63,7.74,7.58,7.21,6.82,6.61,6.69,6.69,6.78,6.53,6.22,5.01,3.63,2.40,0.51,-1.18,1.14,2.43,1.98,2.30,2.88,2.65,1.42,0.69,0.54,0.43,0.29,0.12,-0.46,-0.88,-1.18,-1.63,-0.95,0.99,1.61,1.92,1.81,1.80,2.10,1.49,-0.12,-0.06,0.79,1.42,1.49,1.60,1.67,1.51,1.42,1.54,1.93,2.10,2.14,2.48,3.00,3.40,3.66,3.36,2.83,2.17,1.26,1.00,1.66,0.79,-0.14,-1.11,-1.95,-2.15,-1.66,-0.50,0.11,-0.31,-0.67,-0.27,0.14
2.09,2.77,3.68,5.95,7.06,7.79,8.23,8.17,8.10,7.77,7.32,7.11,7.13,7.02,6.87,6.63,5.83,4.70,2.85,0.79,0.55,2.12,2.63,3.23,3.15,2.96,2.54,1.97,1.59,1.76,1.68,0.86,0.28,0.13,-0.19,-0.49,-0.83,-0.38,0.76,1.25,1.51,1.78,1.34,1.22,0.35,0.25,0.70,0.93,1.33,1.78,1.72,1.76,1.94,2.12,1.79,1.98,2.18,2.28,2.60,3.24,3.88,3.96,3.51,2.66,1.81,1.23,1.39,1.89,1.50,0.46,-0.43,-1.18,-1.84,-2.52,-3.02,-3.93,-3.92,-2.62,-1.53,-1.04
4.16,2.20,3.57,5.06,6.53,7.85,8.64,9.20,9.36,8.88,8.13,7.57,7.34,7.18,6.75,6.88,6.68,5.95,4.60,1.88,1.86,2.17,2.34,2.54,2.71,3.01,2.61,2.70,2.50,2.39,2.07,1.49,0.88,0.72,0.55,0.39,-0.03,-0.28,0.20,0.41,0.07,-0.33,-1.03,-0.71,0.12,0.54,1.04,1.37,1.97,2.13,2.05,2.26,2.09,2.08,2.25,2.35,2.60,2.72,2.85,3.24,3.79,3.79,3.38,2.81,2.23,1.97,2.00,1.81,1.21,0.41,-0.24,-0.61,-1.24,-2.32,-3.31,-3.89,-3.27,-2.39,-1.54,-1.39
4.13,4.36,4.15,4.85,5.77,6.45,7.63,8.70,9.25,9.14,8.42,7.62,7.47,7.71,7.55,7.16,6.73,5.83,5.57,3.51,3.93,3.45,3.20,3.03,3.34,2.59,3.00,3.53,3.36,2.09,2.05,2.27,1.61,1.49,1.47,1.07,0.62,0.11,0.21,0.22,-0.54,-1.66,-2.18,-0.79,-0.31,1.51,1.86,1.39,0.95,1.19,1.68,2.15,2.70,3.04,3.40,3.49,3.59,3.59,3.11,3.33,3.64,3.55,3.35,3.04,2.55,1.99,1.73,1.89,1.89,1.34,0.83,0.46,-0.17,-1.25,-2.17,-2.89,-2.89,-2.40,-1.53,-1.26
2.00,2.44,3.22,4.63,5.80,6.08,6.94,8.05,8.19,8.03,7.78,7.46,7.32,7.84,8.49,8.41,7.69,6.35,5.39,2.70,3.75,4.17,4.32,4.41,4.62,4.37,4.15,3.36,3.33,4.14,3.75,3.31,2.43,2.42,2.10,1.70,1.30,0.60,0.29,0.07,-0.69,-1.82,-1.81,-0.39,0.66,1.55,1.09,0.41,-0.19,0.04,0.75,1.56,2.41,3.19,4.29,4.73,4.53,3.91,3.57,3.74,4.12,3.87,3.67,3.27,2.15,1.36,2.17,3.02,3.15,2.70,2.09,1.48,1.04,-0.02,-1.07,-1.84,-2.04,-1.64,-1.48,-1.42
-0.48,-0.10,1.22,3.86,5.42,6.69,7.38,7.62,7.24,6.74,6.88,7.27,6.57,6.58,7.99,7.94,7.28,6.36,5.04,2.01,2.47,3.09,3.80,3.08,3.64,4.59,4.06,1.86,0.62,4.27,5.67,4.58,3.67,3.60,2.75,2.53,2.01,0.88,-0.09,-0.62,-1.16,-1.72,-1.50,-0.96,0.12,-0.27,-0.51,-0.67,-0.89,-0.35,0.42,1.66,2.77,3.57,4.42,5.41,5.75,5.43,4.72,4.13,4.08,3.49,3.19,2.23,0.72,1.20,2.53,3.29,3.21,2.44,2.32,1.80,0.98,0.06,-0.96,-1.64,-1.65,-1.23,-0.95,-0.96
-0.38,0.46,0.40,1.36,4.27,6.04,6.51,6.79,6.85,6.51,6.80,6.66,6.47,6.35,7.13,7.42,6.49,5.94,4.46,1.52,1.01,0.21,0.93,3.30,4.98,3.11,3.16,3.86,3.55,2.13,4.09,4.81,5.05,4.37,3.65,3.07,2.14,0.58,-0.79,-1.27,-1.46,-0.88,-2.03,-1.75,-1.12,-0.78,-1.25,-1.15,-1.16,-0.81,0.48,1.36,3.21,4.46,5.03,5.81,6.41,6.22,5.44,4.82,5.09,4.70,3.26,1.43,0.77,0.75,1.33,1.66,1.30,1.28,1.71,1.11,0.15,-0.68,-1.30,-1.68,-1.52,-1.54,-1.65,-1.67
1.26,1.15,1.16,1.49,2.33,3.77,4.45,4.75,5.33,6.40,6.12,5.42,7.46,7.66,6.99,7.34,6.68,5.61,4.59,4.14,-0.42,-2.25,-1.10,0.31,1.48,2.99,3.07,3.61,2.64,1.95,3.25,5.28,5.63,4.76,3.86,2.98,1.65,0.07,-1.00,-1.62,-1.87,-1.29,-2.41,-2.47,-2.34,-1.86,-2.12,-2.18,-1.98,-1.52,-0.27,1.20,2.49,4.03,5.47,6.59,7.09,7.02,6.49,5.83,5.84,5.77,4.46,2.94,1.66,0.93,0.96,1.01,0.26,0.43,0.81,0.47,-0.09,-0.68,-1.26,-1.53,-1.69,-1.76,-1.83,-2.06
-0.19,0.90,1.81,2.58,3.12,3.59,3.70,3.73,3.74,4.01,4.55,5.05,6.14,7.01,6.37,4.78,3.32,2.21,3.01,3.32,-1.73,-3.90,-2.12,-1.95,-0.24,1.47,1.57,1.78,2.21,1.88,3.86,6.02,6.06,5.24,4.04,2.69,1.15,0.02,-0.75,-1.00,-1.24,-1.16,-2.14,-2.52,-3.25,-3.46,-3.68,-3.97,-4.35,-3.97,-2.11,0.27,2.46,4.49,6.02,7.17,7.64,7.98,7.58,6.90,6.72,6.09,5.01,3.78,2.76,2.11,1.69,1.67,1.32,0.95,0.68,0.43,0.18,-0.27,-0.86,-1.40,-1.50,-1.93,-2.38,-2.47
-0.68,0.45,1.16,2.17,1.27,0.97,2.04,3.13,3.80,4.51,5.65,6.24,6.37,5.61,4.22,3.19,2.51,2.92,2.73,0.57,-1.72,-2.14,-1.72,-1.49,-0.24,1.41,2.81,1.68,6.42,3.53,5.13,6.53,6.52,5.79,4.48,2.93,1.42,0.22,-0.35,0.10,-0.02,-1.26,-3.34,-3.98,-4.07,-4.55,-5.16,-6.36,-7.14,-6.93,-5.31,-2.43,1.06,4.60,6.96,7.85,8.19,8.63,8.71,8.02,7.50,6.43,5.49,4.93,4.40,3.64,3.10,2.69,2.13,1.58,0.92,0.61,0.31,-0.04,-0.51,-1.21,-1.42,-2.34,-2.88,-2.80
-0.63,-0.87,-1.55,-1.51,-1.49,-0.37,1.77,2.40,1.90,3.46,4.96,4.91,4.79,4.97,3.90,2.96,2.34,2.15,1.08,-1.17,-2.32,-2.56,-2.80,-2.05,-1.26,0.07,1.85,6.37,4.96,5.51,5.85,6.41,6.11,5.23,4.21,2.92,1.40,0.09,-0.41,0.87,1.27,-1.94,-4.08,-5.06,-5.18,-5.88,-6.86,-7.57,-8.02,-7.83,-6.93,-5.23,-2.27,2.68,7.70,9.47,9.50,9.63,9.76,8.62,7.67,6.93,5.98,5.79,5.75,5.09,4.39,3.83,3.07,2.20,1.35,0.90,0.73,0.28,-0.35,-1.12,-1.45,-2.12,-2.59,-2.72
0.23,-0.88,-2.88,-4.28,-3.31,-1.44,-0.02,0.60,1.81,2.98,3.36,3.23,3.82,4.16,3.77,1.12,0.48,0.40,-1.03,-2.35,-1.39,-2.24,-3.37,-2.05,-1.14,-0.71,0.71,3.00,6.25,6.16,6.16,6.46,6.09,5.08,3.63,1.82,0.35,-1.09,-2.05,-0.57,2.15,-1.41,-2.31,-4.92,-5.69,-6.67,-7.29,-7.46,-7.60,-7.51,-7.39,-7.54,-6.49,-0.61,7.20,10.48,10.30,9.98,10.46,9.97,8.78,7.94,7.01,6.61,6.64,6.33,5.61,4.79,3.87,3.00,2.27,1.68,1.13,0.78,-0.13,-1.19,-1.54,-1.96,-2.33,-2.66
-0.97,-1.83,-2.41,-6.27,-5.55,-2.41,0.05,0.70,1.52,2.52,2.82,2.75,4.09,4.74,4.08,2.01,0.24,-0.69,-1.64,-1.38,-0.43,-1.59,-2.22,-1.67,-1.61,-5.30,-0.96,6.37,6.26,4.42,4.29,6.00,6.27,4.42,1.78,0.36,-0.77,-1.55,-2.61,-2.99,-1.16,0.15,-1.84,-4.52,-5.65,-6.39,-6.76,-7.06,-7.31,-7.14,-7.21,-7.52,-7.74,-3.23,5.37,9.13,9.64,9.66,10.14,10.13,9.57,8.98,8.59,7.92,7.90,7.29,6.46,5.75,4.98,4.02,3.24,2.53,1.65,1.13,0.53,-0.43,-1.21,-1.64,-2.01,-2.67
-1.45,-1.26,-1.66,-3.72,-5.21,-3.98,-0.57,0.01,0.43,1.27,2.06,3.12,4.16,4.22,1.94,1.89,-0.05,-1.80,-1.57,-1.81,-1.89,-3.20,-4.50,-5.64,-6.62,-7.35,-1.60,6.05,5.01,3.12,3.34,4.81,3.94,1.64,0.66,-0.30,-1.17,-1.54,-1.90,-2.71,-2.90,-1.92,-2.87,-4.03,-4.55,-5.48,-6.42,-6.86,-6.77,-6.69,-6.65,-6.20,-6.29,-4.08,1.21,5.73,7.86,8.75,9.56,9.79,9.80,9.44,9.66,9.19,8.84,8.30,7.43,6.75,6.10,5.05,4.20,3.52,2.66,1.88,1.39,0.92,0.07,-0.76,-1.33,-2.19
-1.31,-0.62,-0.55,-0.59,-2.81,-3.87,-2.23,-0.35,0.52,1.35,2.21,2.77,2.78,1.63,0.09,0.90,-0.61,-2.14,-1.84,-2.50,-2.77,-3.06,-3.58,-3.28,-5.06,-7.07,-3.49,2.85,2.62,3.14,3.64,3.94,2.25,0.73,-0.17,-1.12,-1.69,-1.56,-1.74,-2.67,-3.58,-4.25,-4.87,-5.26,-5.46,-5.76,-6.17,-6.33,-6.40,-6.42,-6.33,-5.62,-4.95,-4.17,-2.23,0.04,2.20,4.05,5.78,7.36,8.57,9.40,10.24,10.24,9.66,9.22,8.47,7.44,6.81,6.07,5.18,4.41,3.65,2.73,1.81,1.27,0.51,-0.87,-1.75,-2.13
-0.76,-0.42,0.36,-0.07,-0.56,-2.51,-3.27,-1.83,0.81,1.97,2.13,1.60,0.81,-0.58,1.29,1.56,0.64,-0.05,-1.28,-1.40,-3.80,-3.50,-3.41,-3.79,-3.54,-4.78,-3.11,-2.67,1.77,1.93,1.57,1.17,0.02,-0.05,-0.33,-1.40,-2.29,-2.23,-0.96,-1.39,-2.99,-4.92,-5.96,-6.61,-6.94,-6.96,-6.75,-6.05,-5.53,-5.65,-5.63,-5.24,-4.28,-3.34,-2.00,-0.73,0.35,1.34,2.17,3.40,5.10,7.39,8.95,10.13,10.65,10.19,9.29,8.13,7.24,6.71,5.99,5.26,4.71,3.76,2.32,1.54,0.76,-0.62,-1.57,-1.81
-0.52,-0.31,-0.35,-0.35,-1.50,-2.55,-3.24,-2.25,0.57,1.90,1.15,0.39,0.50,-0.28,-0.10,1.83,1.14,0.95,0.20,-0.32,-1.85,-2.45,-2.56,-4.17,-3.74,-3.20,-3.76,-2.89,-0.52,-0.71,-0.47,-0.53,-1.22,-1.21,-1.09,-2.01,-3.57,-4.47,-3.50,-1.33,-1.29,-5.16,-6.80,-6.48,-6.65,-6.76,-6.64,-6.28,-5.76,-5.23,-4.84,-4.50,-3.88,-3.22,-2.39,-1.30,-0.71,-0.38,-0.13,0.65,2.40,3.95,6.04,7.91,9.82,10.57,10.03,9.02,8.13,7.35,6.75,6.14,5.47,4.75,3.31,2.05,1.53,0.99,0.52,0.37
-0.46,0.24,0.39,0.18,-0.87,-1.99,-1.62,-0.56,1.63,2.44,1.60,0.40,0.13,0.66,-0.69,0.41,1.62,1.24,0.36,0.96,1.03,-1.59,-1.77,-1.68,-2.07,-2.84,-1.90,-0.57,-0.34,0.26,-0.28,-0.67,-1.23,-1.53,-1.07,-1.63,-2.92,-5.89,-8.18,-7.43,-2.20,-5.43,-8.30,-7.17,-6.67,-6.40,-5.96,-5.51,-5.38,-5.56,-5.51,-4.84,-3.31,-2.12,-2.16,-1.76,-1.00,-1.06,-1.57,-2.31,-2.20,-0.12,3.44,8.06,10.17,10.91,10.54,9.43,8.64,8.11,7.53,6.85,6.21,5.45,4.39,3.05,2.16,1.91,2.27,2.55
-0.87,-0.11,0.33,0.94,1.58,0.91,0.35,1.10,2.30,2.86,2.14,0.67,0.58,2.49,1.08,-1.99,-0.07,1.87,0.34,3.53,2.73,0.60,0.55,-0.59,-0.61,-1.68,-1.90,-0.40,1.07,1.75,2.37,1.03,-0.01,-0.99,-0.67,-0.91,-1.96,-4.37,-8.02,-11.08,-5.60,-3.39,-9.29,-7.50,-6.69,-6.59,-6.10,-5.17,-4.33,-4.33,-5.10,-5.20,-3.52,-1.25,-1.40,-2.03,-1.35,-1.04,-1.45,-2.24,-3.19,-3.31,-1.87,3.26,9.12,11.39,10.94,10.26,9.37,8.44,7.82,7.41,6.94,6.34,5.27,3.90,2.47,1.41,1.82,2.94
-0.10,0.20,-0.30,-0.62,-0.50,-0.23,1.38,1.48,-0.12,-0.76,0.65,-0.86,-2.57,-0.28,2.75,-1.64,-0.36,1.08,0.46,0.56,2.93,4.13,1.70,1.56,1.54,-1.67,-2.18,-0.60,0.63,1.38,2.47,3.52,2.50,1.30,0.61,0.52,-0.74,-1.84,-4.82,-7.69,-8.82,-3.59,-5.21,-6.66,-6.92,-7.17,-6.86,-5.89,-4.44,-3.52,-3.83,-4.72,-4.04,-1.15,-0.80,-1.78,-1.61,-1.15,-1.32,-2.01,-2.83,-3.27,-2.85,-1.17,3.97,8.68,10.57,10.59,9.61,8.44,7.56,7.56,7.83,7.16,6.03,4.59,2.69,1.11,0.38,1.25
0.54,0.51,-0.39,-0.79,-0.69,-0.35,-0.84,-0.92,-1.16,-1.49,-2.04,-0.75,0.12,-1.23,-0.21,1.56,-3.13,-0.09,1.16,3.87,3.86,4.62,3.73,5.97,3.64,2.09,-1.22,-0.83,0.56,1.89,2.45,2.46,2.88,2.34,1.83,1.70,0.90,-0.63,-1.54,-3.31,-4.80,-4.25,-4.88,-6.20,-7.21,-7.80,-7.67,-6.81,-5.41,-4.06,-3.42,-3.85,-4.11,-1.03,0.37,-0.84,-1.21,-1.25,-1.43,-1.91,-2.29,-2.24,-1.83,-0.77,0.57,3.23,6.26,7.70,8.07,7.95,7.12,6.73,7.36,7.48,6.55,4.35,2.04,0.13,-1.14,-1.73
0.26,1.11,0.25,-0.51,-1.12,-1.02,-0.85,-0.06,1.09,0.46,-0.60,-0.04,0.44,-3.78,-3.51,0.90,-0.84,-0.23,1.14,3.53,3.10,3.89,3.46,6.81,3.78,0.91,0.70,0.96,0.64,-0.10,1.17,0.83,0.68,1.36,1.60,1.63,2.32,0.70,-0.07,-1.25,-2.45,-3.79,-4.48,-5.64,-7.11,-8.08,-8.25,-7.70,-6.51,-5.18,-4.19,-3.44,-3.44,-1.70,1.42,0.61,-0.33,-0.94,-1.20,-1.69,-1.68,-1.03,-0.48,0.40,1.13,1.51,2.85,4.24,4.69,5.87,6.36,5.86,6.96,8.32,6.97,4.02,1.54,-0.50,-1.98,-3.35
0.70,0.64,0.64,1.18,1.72,1.21,-0.41,0.64,2.02,3.35,1.15,2.18,4.50,4.19,-0.86,-0.51,1.18,2.88,2.58,2.46,1.75,7.44,7.72,5.81,-2.92,-3.20,-0.98,3.29,1.11,-0.66,-0.83,0.49,0.14,0.17,-1.28,-2.11,0.18,0.88,-0.64,-2.15,-2.03,-2.18,-3.17,-4.38,-6.42,-7.94,-8.44,-8.27,-7.09,-5.68,-5.33,-4.07,-2.63,-1.99,0.87,1.56,-0.03,-1.21,-1.83,-2.17,-1.78,-0.26,1.09,1.64,2.07,1.53,1.14,1.24,1.54,2.68,4.94,6.10,7.38,8.08,6.08,3.77,1.83,-0.42,-2.37,-3.29
0.35,0.31,-0.99,-0.71,-0.97,-0.40,-0.53,-1.30,3.79,5.11,4.21,4.84,6.85,7.11,1.67,-0.01,1.80,2.41,2.22,1.14,0.72,1.67,3.87,4.95,-4.92,-6.26,-1.59,4.43,4.01,0.26,-1.55,-2.21,-0.26,0.22,-0.69,-2.60,-2.37,-0.61,-0.82,-1.41,-1.30,-1.51,-1.65,-2.96,-5.56,-7.67,-8.47,-8.79,-7.84,-6.18,-6.07,-5.07,-2.26,-1.44,0.01,2.27,0.24,-1.42,-2.83,-3.66,-3.19,-0.50,2.57,3.20,3.19,2.38,1.15,0.74,1.43,2.61,3.43,4.33,5.56,6.02,4.96,3.27,1.54,-0.59,-2.07,-2.59
-0.67,-1.07,-1.35,-1.62,-1.47,-1.51,-2.05,-2.91,1.59,1.03,0.10,0.40,0.92,4.62,2.04,0.60,1.38,1.38,2.61,3.19,1.22,-2.41,-2.28,-2.81,-4.27,-7.99,-5.36,0.60,4.60,4.07,1.50,-1.93,-1.30,-0.38,0.61,0.36,-2.22,-1.87,-2.61,-4.17,-3.14,-1.08,-0.32,-1.99,-4.91,-7.35,-8.22,-8.66,-8.46,-6.66,-6.06,-6.83,-4.56,-1.95,-0.53,2.79,1.55,-0.49,-2.73,-4.46,-4.30,-1.41,3.20,4.62,4.12,3.06,1.87,1.64,1.78,2.15,2.62,3.14,3.82,3.80,3.13,2.16,1.32,-0.03,-0.89,-1.36
1.52,1.07,-0.82,-1.68,0.63,0.56,-1.71,-2.41,0.63,2.92,1.60,0.55,0.62,2.08,0.57,-0.95,-2.36,-1.73,-3.79,-4.70,-4.81,-5.82,-6.16,-2.31,-3.73,-5.39,-5.11,-2.96,0.80,1.33,1.79,-0.16,-1.78,-0.66,-0.62,-0.78,-2.90,-1.92,-1.01,-2.11,-3.86,-1.68,-0.20,-1.90,-4.55,-6.96,-7.64,-7.68,-8.19,-6.70,-4.66,-6.64,-8.75,-4.96,-2.14,1.64,2.54,0.56,-2.44,-5.00,-5.06,-2.42,2.11,5.05,5.34,3.92,2.67,2.38,1.83,1.47,1.36,1.67,2.40,2.76,2.67,2.46,1.88,0.74,-0.17,-0.93
2.91,0.08,-2.01,-1.34,0.64,0.42,-1.38,-0.74,0.80,0.80,-0.47,-0.69,-0.13,1.53,1.17,-2.17,-2.90,-3.14,-4.91,-6.38,-6.23,-5.39,-9.19,-6.34,-1.61,-2.58,-3.67,-4.31,-1.27,3.81,1.54,0.14,-1.01,-0.18,-0.80,0.57,1.03,-0.39,-1.52,-2.81,-3.47,-2.24,-1.29,-2.42,-4.57,-6.49,-6.61,-6.31,-7.43,-6.91,-4.26,-3.47,-8.30,-7.03,-5.08,-1.12,1.85,1.37,-1.73,-4.94,-4.90,-2.37,1.14,4.20,5.26,4.30,2.73,2.14,2.04,1.75,1.96,2.68,2.93,2.91,2.92,2.64,2.02,1.11,0.30,-0.29
1.93,-0.01,-0.15,-1.51,-1.48,-0.71,-2.15,-1.32,0.78,1.45,0.67,0.08,0.28,1.13,1.01,-1.21,-2.19,-2.43,-4.00,-5.25,-6.10,-4.98,-5.16,-6.00,-5.33,0.68,-0.37,-0.74,-1.63,-1.17,0.41,-0.37,-1.70,-0.31,0.63,1.15,1.09,0.02,-1.47,-2.51,-3.02,-2.98,-2.43,-3.21,-5.00,-6.17,-5.44,-5.16,-6.74,-6.79,-4.98,-3.48,-5.15,-4.00,-6.52,-5.06,-2.38,-0.48,-0.85,-4.41,-4.54,-1.93,0.97,3.08,4.45,4.29,3.08,2.07,2.09,2.41,2.65,2.81,2.83,2.84,2.78,2.18,1.49,0.64,0.41,0.44
3.07,1.17,0.42,-1.89,-2.38,-1.66,-1.45,-1.71,-0.45,1.15,2.69,2.26,0.42,0.36,1.47,0.61,0.03,-0.66,-2.23,-3.32,-4.61,-5.02,-2.06,-4.47,-4.50,0.26,1.11,2.90,3.23,3.15,3.51,3.03,1.12,-0.52,0.76,1.49,1.61,0.52,-1.14,-2.19,-2.66,-3.20,-3.02,-3.58,-4.88,-5.73,-4.72,-3.97,-5.73,-6.28,-5.89,-3.63,-3.83,-3.87,-5.47,-6.34,-4.08,-2.00,-0.72,-5.29,-5.91,-3.71,-0.46,1.26,2.17,2.63,2.72,2.56,2.59,2.52,2.31,2.73,2.93,2.52,1.86,0.93,0.30,-0.29,-0.33,-0.16
3.14,2.66,1.24,0.51,-0.11,0.18,0.95,0.75,0.11,0.19,1.92,3.36,2.35,0.59,0.92,1.83,1.42,1.31,0.84,-1.47,-2.68,-2.72,-3.46,-3.66,-2.56,1.55,1.54,0.55,-1.01,-0.49,0.26,0.81,0.51,-0.33,1.19,2.16,2.22,1.65,-0.18,-1.53,-1.90,-1.75,-1.82,-2.54,-3.69,-4.37,-4.06,-2.63,-4.18,-4.91,-5.67,-5.87,-5.01,-4.02,-5.78,-7.49,-3.31,1.31,0.04,-5.41,-6.65,-6.35,-3.09,-1.06,0.40,1.38,1.91,2.12,2.26,2.10,1.69,1.62,1.44,1.20,0.86,0.21,-0.27,-0.83,-1.11,-1.33
